Run semi-empirical minimization
 &qmmm
    qm_theory='AM1', grms_tol=0.0005,
 scfconv=1.d-10, ndiis_attempts=700,   qmcharge=-1,
 /
   6     C        9.1650       22.6470       27.1210 
   6    C1       10.0350       22.0060       26.0270 
   6    C2       11.2920       22.8250       25.8050 
   6    C3       11.9380       23.4320       26.8890 
   6    C4       11.8260       22.9960       24.5230 
   6    C5       13.0990       24.1910       26.7050 
   6    C6       12.9810       23.7540       24.3260 
   6    C7       13.6560       24.3720       25.4080 
   6    C8       14.9120       25.1830       25.1570 
   6    C9       16.0820       24.6080       24.5990 
   6   C10       14.9600       26.5660       25.4710 
   6   C11       17.2290       25.3750       24.3730 
   6   C12       16.1130       27.3220       25.2440 
   6   C13       17.2460       26.7280       24.6960 
   6   C14       10.4030       20.5690       26.3460 
   8     O       10.0550       19.6560       25.6130 
   8    O1       11.1300       20.2830       27.4480 
   9     F       13.6260       24.7610       27.8130 
   1   H01        8.1890       22.1630       27.1380 
   1   H02        9.6490       22.5230       28.0900 
   1   H03        9.0400       23.7090       26.9100 
   1   H04        9.4400       21.9940       25.1140 
   1   H05       11.5300       23.3110       27.8920 
   1   H06       11.3340       22.5320       23.6680 
   1   H07       13.3730       23.8740       23.3160 
   1   H08       16.0870       23.5490       24.3420 
   1   H09       14.0800       27.0480       25.8980 
   1   H10       18.1150       24.9100       23.9410 
   1   H11       16.1250       28.3820       25.4970 
   1   H12       18.1440       27.3210       24.5200 

