Cpptraj Generated trajectory                                                    
  27.427  42.771  48.129  27.526  41.555  47.026  28.370  41.861  45.844  29.581
  42.518  46.024  27.954  41.514  44.516  30.468  42.750  44.946  28.788  41.745
  43.477  30.063  42.362  43.616  31.007  42.450  42.449  30.860  41.531  41.372
  32.052  43.399  42.354  31.807  41.491  40.276  33.059  43.296  41.308  32.911
  42.278  40.344  27.917  40.207  47.609  27.178  39.276  47.468  29.012  40.076
  48.088  31.679  43.132  45.274  26.632  42.710  48.882  28.429  42.842  48.567
  27.317  43.767  47.687  26.471  41.418  46.762  29.927  42.767  47.023  27.089
  40.861  44.450  28.331  41.429  42.544  30.116  40.759  41.541  32.208  44.258
  43.000  31.615  40.863  39.411  33.840  44.040  41.186  33.574  42.262  39.484
